# t, u(t), y(t)
# ================
0.000000000000000000e+00 2.500000000000000000e+00 1.849679379017437064e+00
1.000000000000000000e+00 2.500000000000000000e+00 1.335396339430663826e+00
2.000000000000000000e+00 2.500000000000000000e+00 2.088352416627324182e+00
3.000000000000000000e+00 2.500000000000000000e+00 1.611872078802671915e+00
4.000000000000000000e+00 2.500000000000000000e+00 1.182340645157278880e+00
5.000000000000000000e+00 2.500000000000000000e+00 1.415713958726345201e+00
6.000000000000000000e+00 2.500000000000000000e+00 1.588353700767204391e+00
7.000000000000000000e+00 2.500000000000000000e+00 1.072872069772298653e+00
8.000000000000000000e+00 -2.500000000000000000e+00 1.417540550441039660e+00
9.000000000000000000e+00 -2.500000000000000000e+00 -1.882354197502722482e+00
1.000000000000000000e+01 -2.500000000000000000e+00 -1.088496202252202671e+00
1.100000000000000000e+01 -2.500000000000000000e+00 -1.960288066613497415e+00
1.200000000000000000e+01 -2.500000000000000000e+00 -1.817594165305128406e+00
1.300000000000000000e+01 -2.500000000000000000e+00 -1.371330892008592928e+00
1.400000000000000000e+01 2.500000000000000000e+00 -1.385589078006576935e+00
1.500000000000000000e+01 2.500000000000000000e+00 1.620328106551985226e+00
1.600000000000000000e+01 2.500000000000000000e+00 1.278879741797359859e+00
1.700000000000000000e+01 2.500000000000000000e+00 1.499230973279786161e+00
1.800000000000000000e+01 2.500000000000000000e+00 9.973872315319826098e-01
1.900000000000000000e+01 2.500000000000000000e+00 2.054613002446131542e+00
2.000000000000000000e+01 2.500000000000000000e+00 8.463415629319259725e-01
2.100000000000000000e+01 -2.500000000000000000e+00 1.277345876297882210e+00
2.200000000000000000e+01 -2.500000000000000000e+00 -1.395099133254498858e+00
2.300000000000000000e+01 -2.500000000000000000e+00 -1.430170834003171132e+00
2.400000000000000000e+01 -2.500000000000000000e+00 -1.153011252295022881e+00
2.500000000000000000e+01 -2.500000000000000000e+00 -1.981181099571247994e+00
2.600000000000000000e+01 -2.500000000000000000e+00 -1.696623079693495795e+00
2.700000000000000000e+01 -2.500000000000000000e+00 -1.440888424463027562e+00
2.800000000000000000e+01 -2.500000000000000000e+00 1.957065140935254632e-02
2.900000000000000000e+01 -2.500000000000000000e+00 -1.710419595969776996e+00
3.000000000000000000e+01 2.500000000000000000e+00 -1.103315182220202972e+00
3.100000000000000000e+01 2.500000000000000000e+00 1.476936289621516130e+00
3.200000000000000000e+01 2.500000000000000000e+00 9.500425564142866985e-01
3.300000000000000000e+01 2.500000000000000000e+00 1.295118513550452377e+00
3.400000000000000000e+01 2.500000000000000000e+00 7.520666897294038256e-01
3.500000000000000000e+01 2.500000000000000000e+00 1.057110164119003048e+00
3.600000000000000000e+01 2.500000000000000000e+00 2.218615799318304660e+00
3.700000000000000000e+01 2.500000000000000000e+00 1.652978001791220564e+00
3.800000000000000000e+01 -2.500000000000000000e+00 2.469370143243300397e+00
3.900000000000000000e+01 -2.500000000000000000e+00 -1.764486210471052585e+00
4.000000000000000000e+01 -2.500000000000000000e+00 -1.427760873553185927e+00
4.100000000000000000e+01 -2.500000000000000000e+00 -2.582157536282546850e+00
4.200000000000000000e+01 -2.500000000000000000e+00 -1.273961787629733999e+00
4.300000000000000000e+01 -2.500000000000000000e+00 -1.231151586840419476e+00
4.400000000000000000e+01 -2.500000000000000000e+00 -1.099550631194953221e+00
4.500000000000000000e+01 -2.500000000000000000e+00 -2.082812865127283697e+00
4.600000000000000000e+01 -2.500000000000000000e+00 -1.390275618490628196e+00
4.700000000000000000e+01 2.500000000000000000e+00 -1.650336391237661626e+00
4.800000000000000000e+01 2.500000000000000000e+00 2.443495606843852919e+00
4.900000000000000000e+01 2.500000000000000000e+00 1.812353979423448891e+00
5.000000000000000000e+01 2.500000000000000000e+00 3.881535087613618984e-01
5.100000000000000000e+01 2.500000000000000000e+00 7.363617568608704644e-01
5.200000000000000000e+01 2.500000000000000000e+00 1.853520404976277458e+00
5.300000000000000000e+01 -2.500000000000000000e+00 1.382782198693573328e+00
5.400000000000000000e+01 -2.500000000000000000e+00 -1.395434390609433750e+00
5.500000000000000000e+01 -2.500000000000000000e+00 -1.295488318336881717e+00
5.600000000000000000e+01 2.500000000000000000e+00 -1.127686049281622971e+00
5.700000000000000000e+01 2.500000000000000000e+00 1.084622544439629577e+00
5.800000000000000000e+01 2.500000000000000000e+00 2.128307549876427007e+00
5.900000000000000000e+01 2.500000000000000000e+00 2.048143313701964896e+00
6.000000000000000000e+01 2.500000000000000000e+00 9.302373321950934137e-01
6.100000000000000000e+01 -2.500000000000000000e+00 3.397608645088310286e-01
6.200000000000000000e+01 -2.500000000000000000e+00 -1.011469482780334328e+00
6.300000000000000000e+01 -2.500000000000000000e+00 -2.346665109206897970e+00
6.400000000000000000e+01 -2.500000000000000000e+00 -1.893876496560890077e+00
6.500000000000000000e+01 -2.500000000000000000e+00 -1.519948677746341126e+00
6.600000000000000000e+01 -2.500000000000000000e+00 -2.816365642709203421e+00
6.700000000000000000e+01 2.500000000000000000e+00 -1.922665073849706197e+00
6.800000000000000000e+01 2.500000000000000000e+00 2.047681307490799796e+00
6.900000000000000000e+01 2.500000000000000000e+00 1.321544636501294168e+00
7.000000000000000000e+01 2.500000000000000000e+00 6.938662658573881981e-01
7.100000000000000000e+01 -2.500000000000000000e+00 1.359502721493814681e+00
7.200000000000000000e+01 -2.500000000000000000e+00 -1.317303523477977301e+00
7.300000000000000000e+01 -2.500000000000000000e+00 -9.802017263093772970e-01
7.400000000000000000e+01 -2.500000000000000000e+00 -1.769824656626864723e+00
7.500000000000000000e+01 -2.500000000000000000e+00 -1.958246102100173136e+00
7.600000000000000000e+01 2.500000000000000000e+00 -2.227580737106386266e+00
7.700000000000000000e+01 2.500000000000000000e+00 1.876372443177126259e+00
7.800000000000000000e+01 2.500000000000000000e+00 1.016155198526865533e+00
7.900000000000000000e+01 2.500000000000000000e+00 2.244344769896222225e+00
8.000000000000000000e+01 2.500000000000000000e+00 1.865669931572011553e+00
8.100000000000000000e+01 2.500000000000000000e+00 1.608374173676471841e+00
8.200000000000000000e+01 2.500000000000000000e+00 2.144912399756146559e+00
8.300000000000000000e+01 -2.500000000000000000e+00 1.537772717468171235e+00
8.400000000000000000e+01 -2.500000000000000000e+00 -1.481271126531973792e+00
8.500000000000000000e+01 -2.500000000000000000e+00 -1.907882715189711753e+00
8.600000000000000000e+01 -2.500000000000000000e+00 -1.458574890285184500e+00
8.700000000000000000e+01 -2.500000000000000000e+00 -2.395161112082052401e+00
8.800000000000000000e+01 -2.500000000000000000e+00 -1.277171220549886854e+00
8.900000000000000000e+01 2.500000000000000000e+00 -8.018203327150331683e-01
9.000000000000000000e+01 2.500000000000000000e+00 1.113404422045460418e+00
9.100000000000000000e+01 2.500000000000000000e+00 1.426483915857882367e+00
9.200000000000000000e+01 2.500000000000000000e+00 1.346128810496577621e+00
9.300000000000000000e+01 2.500000000000000000e+00 1.449854716921548103e+00
9.400000000000000000e+01 2.500000000000000000e+00 1.138982111844290657e+00
9.500000000000000000e+01 2.500000000000000000e+00 1.671749223615023094e+00
9.600000000000000000e+01 -2.500000000000000000e+00 6.216056312373158255e-01
9.700000000000000000e+01 -2.500000000000000000e+00 -1.075796351178402110e+00
9.800000000000000000e+01 -2.500000000000000000e+00 -1.311425304341549802e+00
9.900000000000000000e+01 -2.500000000000000000e+00 -1.904750749956336531e+00
1.000000000000000000e+02 2.500000000000000000e+00 -2.222706501962920189e+00
1.010000000000000000e+02 2.500000000000000000e+00 2.143541596581892250e+00
1.020000000000000000e+02 2.500000000000000000e+00 8.868783365166640342e-01
1.030000000000000000e+02 2.500000000000000000e+00 1.551135220072925369e+00
1.040000000000000000e+02 2.500000000000000000e+00 2.086080527507694793e+00
1.050000000000000000e+02 2.500000000000000000e+00 1.749259915869052717e+00
1.060000000000000000e+02 -2.500000000000000000e+00 1.204353465427627334e+00
1.070000000000000000e+02 -2.500000000000000000e+00 -1.791277324041508523e+00
1.080000000000000000e+02 -2.500000000000000000e+00 -1.603191041754854496e-01
1.090000000000000000e+02 -2.500000000000000000e+00 -1.202519856474705495e+00
1.100000000000000000e+02 -2.500000000000000000e+00 -8.521064411021425089e-01
1.110000000000000000e+02 -2.500000000000000000e+00 -2.177732264871711010e+00
1.120000000000000000e+02 -2.500000000000000000e+00 -1.412238322841546490e+00
1.130000000000000000e+02 -2.500000000000000000e+00 -1.907335022949596004e+00
1.140000000000000000e+02 2.500000000000000000e+00 -1.273130394416643663e+00
1.150000000000000000e+02 2.500000000000000000e+00 1.202661402283197178e+00
1.160000000000000000e+02 2.500000000000000000e+00 1.753797826300335316e+00
1.170000000000000000e+02 2.500000000000000000e+00 1.348421317197409319e+00
1.180000000000000000e+02 2.500000000000000000e+00 1.132551336413311072e+00
1.190000000000000000e+02 2.500000000000000000e+00 1.590523974028604792e+00
1.200000000000000000e+02 2.500000000000000000e+00 8.801950147507981992e-01
1.210000000000000000e+02 2.500000000000000000e+00 1.371778138427164784e+00
1.220000000000000000e+02 -2.500000000000000000e+00 1.449103073584373735e+00
1.230000000000000000e+02 -2.500000000000000000e+00 -1.962297343591365539e+00
1.240000000000000000e+02 -2.500000000000000000e+00 -1.181709785670136403e+00
1.250000000000000000e+02 -2.500000000000000000e+00 -2.429617474946556221e+00
1.260000000000000000e+02 -2.500000000000000000e+00 -8.714515789277593738e-01
1.270000000000000000e+02 -2.500000000000000000e+00 -1.565251964326080492e+00
1.280000000000000000e+02 2.500000000000000000e+00 -2.160488249468793143e+00
1.290000000000000000e+02 2.500000000000000000e+00 2.315875514623592313e+00
1.300000000000000000e+02 2.500000000000000000e+00 6.876630895553279554e-01
1.310000000000000000e+02 2.500000000000000000e+00 1.162231839961815449e+00
1.320000000000000000e+02 -2.500000000000000000e+00 1.893796038979203011e+00
1.330000000000000000e+02 -2.500000000000000000e+00 -8.406609039064165678e-01
1.340000000000000000e+02 -2.500000000000000000e+00 -1.818172626377255963e+00
1.350000000000000000e+02 -2.500000000000000000e+00 -6.708707857163771493e-01
1.360000000000000000e+02 -2.500000000000000000e+00 -1.566654669194794680e+00
1.370000000000000000e+02 -2.500000000000000000e+00 -1.307175382944751441e+00
1.380000000000000000e+02 -2.500000000000000000e+00 -1.754885154314640872e+00
1.390000000000000000e+02 -2.500000000000000000e+00 -7.661108402246910032e-01
1.400000000000000000e+02 2.500000000000000000e+00 -1.076422764127020537e+00
1.410000000000000000e+02 2.500000000000000000e+00 1.477954526530043999e+00
1.420000000000000000e+02 2.500000000000000000e+00 2.193152706943009012e-01
1.430000000000000000e+02 2.500000000000000000e+00 1.445626438070419129e+00
1.440000000000000000e+02 2.500000000000000000e+00 1.713857458177443505e+00
1.450000000000000000e+02 2.500000000000000000e+00 1.375831381242447637e+00
1.460000000000000000e+02 2.500000000000000000e+00 1.884988756180995928e+00
1.470000000000000000e+02 2.500000000000000000e+00 9.767544933775818006e-01
1.480000000000000000e+02 -2.500000000000000000e+00 1.212614636627152631e+00
1.490000000000000000e+02 -2.500000000000000000e+00 -7.639519830795112876e-01
1.500000000000000000e+02 -2.500000000000000000e+00 -2.247305220453402974e+00
1.510000000000000000e+02 -2.500000000000000000e+00 -1.566272669097829473e+00
1.520000000000000000e+02 -2.500000000000000000e+00 -1.274476429425981827e+00
1.530000000000000000e+02 -2.500000000000000000e+00 -2.068205468319299634e+00
1.540000000000000000e+02 -2.500000000000000000e+00 -1.796579014090466497e+00
1.550000000000000000e+02 2.500000000000000000e+00 -2.087076484408791011e+00
1.560000000000000000e+02 2.500000000000000000e+00 1.587700651991704737e+00
1.570000000000000000e+02 2.500000000000000000e+00 1.130775158285336923e+00
1.580000000000000000e+02 2.500000000000000000e+00 1.241537469874284261e+00
1.590000000000000000e+02 -2.500000000000000000e+00 1.006688528777954339e+00
1.600000000000000000e+02 -2.500000000000000000e+00 -1.807055099700828560e+00
1.610000000000000000e+02 -2.500000000000000000e+00 -9.389563612269306025e-01
1.620000000000000000e+02 -2.500000000000000000e+00 -1.656554550890481980e+00
1.630000000000000000e+02 -2.500000000000000000e+00 -1.856101854688197106e+00
1.640000000000000000e+02 -2.500000000000000000e+00 -1.145293377601038332e+00
1.650000000000000000e+02 2.500000000000000000e+00 -2.105787280332617861e+00
1.660000000000000000e+02 2.500000000000000000e+00 1.653717880060842749e+00
1.670000000000000000e+02 2.500000000000000000e+00 1.386335746104465194e+00
1.680000000000000000e+02 2.500000000000000000e+00 1.317885304402378388e+00
1.690000000000000000e+02 2.500000000000000000e+00 1.677533281830292600e+00
1.700000000000000000e+02 2.500000000000000000e+00 7.271230055526531899e-01
1.710000000000000000e+02 2.500000000000000000e+00 2.094099948295822244e+00
1.720000000000000000e+02 -2.500000000000000000e+00 1.760328499023640303e+00
1.730000000000000000e+02 -2.500000000000000000e+00 -2.178096908314278934e+00
1.740000000000000000e+02 -2.500000000000000000e+00 -9.386163038479692355e-01
1.750000000000000000e+02 -2.500000000000000000e+00 -1.309081122158867405e+00
1.760000000000000000e+02 -2.500000000000000000e+00 -2.192421674303542289e+00
1.770000000000000000e+02 -2.500000000000000000e+00 -1.492050959489138906e+00
1.780000000000000000e+02 -2.500000000000000000e+00 -1.916516858378978894e+00
1.790000000000000000e+02 -2.500000000000000000e+00 -1.372297169234648617e+00
1.800000000000000000e+02 -2.500000000000000000e+00 -1.737533969837835812e+00
1.810000000000000000e+02 2.500000000000000000e+00 -2.004141840758686399e+00
1.820000000000000000e+02 2.500000000000000000e+00 7.899255095284477557e-01
1.830000000000000000e+02 2.500000000000000000e+00 2.060830894275416103e+00
1.840000000000000000e+02 2.500000000000000000e+00 1.648250543221962072e+00
1.850000000000000000e+02 2.500000000000000000e+00 6.337914380137104065e-01
1.860000000000000000e+02 2.500000000000000000e+00 1.340418092716735288e+00
1.870000000000000000e+02 2.500000000000000000e+00 7.843027339189567737e-01
1.880000000000000000e+02 -2.500000000000000000e+00 5.188445072866638696e-01
1.890000000000000000e+02 -2.500000000000000000e+00 -1.042758732056969340e+00
1.900000000000000000e+02 -2.500000000000000000e+00 -1.333678492500340873e+00
1.910000000000000000e+02 -2.500000000000000000e+00 -1.308994583431677405e+00
1.920000000000000000e+02 -2.500000000000000000e+00 -2.140906363770204379e+00
1.930000000000000000e+02 -2.500000000000000000e+00 -1.110406396270713802e+00
1.940000000000000000e+02 -2.500000000000000000e+00 -1.436968996567424162e+00
1.950000000000000000e+02 -2.500000000000000000e+00 -1.055465286367930577e+00
1.960000000000000000e+02 2.500000000000000000e+00 -2.429308171826121132e+00
1.970000000000000000e+02 2.500000000000000000e+00 2.474029384023639366e+00
1.980000000000000000e+02 2.500000000000000000e+00 1.611241979745335229e+00
1.990000000000000000e+02 -2.500000000000000000e+00 8.351866187864107616e-01
2.000000000000000000e+02 -2.500000000000000000e+00 -1.683524738283899591e+00
2.010000000000000000e+02 -2.500000000000000000e+00 -2.095820628210878667e+00
2.020000000000000000e+02 -2.500000000000000000e+00 -1.592626882378569420e+00
2.030000000000000000e+02 -2.500000000000000000e+00 -2.012816808510317301e+00
2.040000000000000000e+02 -2.500000000000000000e+00 -1.446827570076415270e+00
2.050000000000000000e+02 -2.500000000000000000e+00 -1.780093621346237054e+00
2.060000000000000000e+02 -2.500000000000000000e+00 -1.388606795309056396e+00
2.070000000000000000e+02 2.500000000000000000e+00 -1.497046897259810327e+00
2.080000000000000000e+02 2.500000000000000000e+00 1.793748791504827356e+00
2.090000000000000000e+02 2.500000000000000000e+00 1.555461424796912295e+00
2.100000000000000000e+02 2.500000000000000000e+00 1.885294150231641819e+00
2.110000000000000000e+02 2.500000000000000000e+00 1.635279777317676819e+00
2.120000000000000000e+02 2.500000000000000000e+00 1.487303601008586273e+00
2.130000000000000000e+02 2.500000000000000000e+00 5.136204962158006371e-01
2.140000000000000000e+02 2.500000000000000000e+00 1.833473202313776751e+00
2.150000000000000000e+02 -2.500000000000000000e+00 2.361043613419478326e+00
2.160000000000000000e+02 -2.500000000000000000e+00 -1.619860884703102188e+00
2.170000000000000000e+02 -2.500000000000000000e+00 -2.375874918004469372e+00
2.180000000000000000e+02 -2.500000000000000000e+00 -2.257211117146084689e+00
2.190000000000000000e+02 -2.500000000000000000e+00 -1.884927732264766842e+00
2.200000000000000000e+02 -2.500000000000000000e+00 -2.287843376209790058e+00
2.210000000000000000e+02 2.500000000000000000e+00 -1.598644350865794150e+00
2.220000000000000000e+02 2.500000000000000000e+00 2.654512193501310513e+00
2.230000000000000000e+02 2.500000000000000000e+00 1.452058064537419479e+00
2.240000000000000000e+02 2.500000000000000000e+00 7.590365596166986917e-01
2.250000000000000000e+02 2.500000000000000000e+00 1.696273148279465515e+00
2.260000000000000000e+02 2.500000000000000000e+00 7.950263633935956697e-01
2.270000000000000000e+02 2.500000000000000000e+00 1.867411713055809663e+00
2.280000000000000000e+02 2.500000000000000000e+00 1.453545820311381798e+00
2.290000000000000000e+02 -2.500000000000000000e+00 8.891818910107819329e-01
2.300000000000000000e+02 -2.500000000000000000e+00 -1.088769132120625871e+00
2.310000000000000000e+02 -2.500000000000000000e+00 -1.163346546752039412e+00
2.320000000000000000e+02 -2.500000000000000000e+00 -7.882572810026672316e-01
2.330000000000000000e+02 2.500000000000000000e+00 -1.715602205744214404e+00
2.340000000000000000e+02 2.500000000000000000e+00 1.348625717680138392e+00
2.350000000000000000e+02 2.500000000000000000e+00 1.709403443037303294e+00
2.360000000000000000e+02 2.500000000000000000e+00 1.098102183012175548e+00
2.370000000000000000e+02 2.500000000000000000e+00 1.216206771641432427e+00
2.380000000000000000e+02 2.500000000000000000e+00 2.092610970422728478e+00
2.390000000000000000e+02 2.500000000000000000e+00 1.312017137372019304e+00
2.400000000000000000e+02 2.500000000000000000e+00 1.109650247947372881e+00
2.410000000000000000e+02 -2.500000000000000000e+00 2.434226025663962290e+00
2.420000000000000000e+02 -2.500000000000000000e+00 -1.525921787800278429e+00
2.430000000000000000e+02 -2.500000000000000000e+00 -1.611671302064108247e+00
2.440000000000000000e+02 2.500000000000000000e+00 -1.191828975487466469e+00
2.450000000000000000e+02 2.500000000000000000e+00 8.846089081265799958e-01
2.460000000000000000e+02 2.500000000000000000e+00 1.102732079293453626e+00
2.470000000000000000e+02 2.500000000000000000e+00 1.592656007994535994e+00
2.480000000000000000e+02 2.500000000000000000e+00 6.219260645027218093e-01
2.490000000000000000e+02 2.500000000000000000e+00 1.335801424420043348e+00
2.500000000000000000e+02 -2.500000000000000000e+00 1.408681311760848986e+00
2.510000000000000000e+02 -2.500000000000000000e+00 -8.231077317686812389e-01
2.520000000000000000e+02 -2.500000000000000000e+00 -1.437672263323008792e+00
2.530000000000000000e+02 -2.500000000000000000e+00 -1.941353075459367750e+00
2.540000000000000000e+02 -2.500000000000000000e+00 -1.363464500030989512e+00
2.550000000000000000e+02 2.500000000000000000e+00 -1.292755305261672483e+00
2.560000000000000000e+02 2.500000000000000000e+00 7.229185291508583022e-01
2.570000000000000000e+02 2.500000000000000000e+00 1.468581673672303856e+00
2.580000000000000000e+02 2.500000000000000000e+00 7.010549666995166129e-01
2.590000000000000000e+02 2.500000000000000000e+00 1.238176200027723439e+00
2.600000000000000000e+02 2.500000000000000000e+00 1.802735480204517460e+00
2.610000000000000000e+02 -2.500000000000000000e+00 1.498809064525474355e+00
2.620000000000000000e+02 -2.500000000000000000e+00 -2.086646050470906122e+00
2.630000000000000000e+02 -2.500000000000000000e+00 -6.616315696928644075e-01
2.640000000000000000e+02 -2.500000000000000000e+00 -1.249223060656351914e+00
2.650000000000000000e+02 -2.500000000000000000e+00 -1.618354904989634857e+00
2.660000000000000000e+02 -2.500000000000000000e+00 -1.471757264339946580e+00
2.670000000000000000e+02 -2.500000000000000000e+00 -1.117942660575290903e+00
2.680000000000000000e+02 -2.500000000000000000e+00 -1.598038578553067968e+00
2.690000000000000000e+02 2.500000000000000000e+00 -1.472806363476332869e+00
2.700000000000000000e+02 2.500000000000000000e+00 1.260001226575128364e+00
2.710000000000000000e+02 2.500000000000000000e+00 2.360222336922912945e+00
2.720000000000000000e+02 2.500000000000000000e+00 2.237725697874987763e+00
2.730000000000000000e+02 2.500000000000000000e+00 1.454557514151401110e+00
2.740000000000000000e+02 -2.500000000000000000e+00 9.627137722610946691e-01
2.750000000000000000e+02 -2.500000000000000000e+00 -2.039119226013718755e+00
2.760000000000000000e+02 -2.500000000000000000e+00 -1.566365476276399438e+00
2.770000000000000000e+02 -2.500000000000000000e+00 -4.267105035972191818e-01
2.780000000000000000e+02 -2.500000000000000000e+00 -6.966025655162749741e-01
2.790000000000000000e+02 -2.500000000000000000e+00 -1.625964340332762159e+00
2.800000000000000000e+02 -2.500000000000000000e+00 -1.007279255486906999e+00
2.810000000000000000e+02 -2.500000000000000000e+00 -1.176103431309936331e+00
2.820000000000000000e+02 2.500000000000000000e+00 -1.294605818787407214e+00
2.830000000000000000e+02 2.500000000000000000e+00 2.066910557177717767e+00
2.840000000000000000e+02 2.500000000000000000e+00 1.762186089607006956e+00
2.850000000000000000e+02 2.500000000000000000e+00 5.494800064917887417e-01
2.860000000000000000e+02 2.500000000000000000e+00 1.584450335923550446e+00
2.870000000000000000e+02 2.500000000000000000e+00 2.106834710525794296e+00
2.880000000000000000e+02 2.500000000000000000e+00 1.724883781019113993e+00
2.890000000000000000e+02 2.500000000000000000e+00 1.056124104054691815e+00
2.900000000000000000e+02 -2.500000000000000000e+00 2.130182683311255154e+00
2.910000000000000000e+02 -2.500000000000000000e+00 -1.020635814308450184e+00
2.920000000000000000e+02 -2.500000000000000000e+00 -1.102201355514546233e+00
2.930000000000000000e+02 -2.500000000000000000e+00 -1.575785140856807764e+00
2.940000000000000000e+02 -2.500000000000000000e+00 -1.336878809019113934e+00
2.950000000000000000e+02 -2.500000000000000000e+00 -1.304116491859722116e+00
2.960000000000000000e+02 -2.500000000000000000e+00 -1.131080060567235979e+00
2.970000000000000000e+02 2.500000000000000000e+00 -1.813667262396572166e+00
2.980000000000000000e+02 2.500000000000000000e+00 8.102898064358536878e-01
2.990000000000000000e+02 2.500000000000000000e+00 1.078375493102288196e+00
3.000000000000000000e+02 2.500000000000000000e+00 1.427310062119398593e+00
3.010000000000000000e+02 2.500000000000000000e+00 1.485595972500502349e+00
3.020000000000000000e+02 2.500000000000000000e+00 8.344064110712883231e-01
3.030000000000000000e+02 2.500000000000000000e+00 1.087082670857107081e+00
3.040000000000000000e+02 -2.500000000000000000e+00 1.134092128346408268e+00
3.050000000000000000e+02 -2.500000000000000000e+00 -1.942435897915686160e+00
3.060000000000000000e+02 -2.500000000000000000e+00 -6.341449779386463259e-01
3.070000000000000000e+02 2.500000000000000000e+00 -2.047998073282215614e+00
3.080000000000000000e+02 2.500000000000000000e+00 2.087186405278341539e+00
3.090000000000000000e+02 2.500000000000000000e+00 2.942878162680120369e+00
3.100000000000000000e+02 2.500000000000000000e+00 1.590816504767699646e+00
3.110000000000000000e+02 2.500000000000000000e+00 1.271162371907379240e+00
3.120000000000000000e+02 2.500000000000000000e+00 7.105341226569360513e-01
3.130000000000000000e+02 2.500000000000000000e+00 7.850295900190975562e-01
3.140000000000000000e+02 2.500000000000000000e+00 2.009058548538473765e+00
3.150000000000000000e+02 -2.500000000000000000e+00 6.622109540508379633e-01
3.160000000000000000e+02 -2.500000000000000000e+00 -1.565885512543760738e+00
3.170000000000000000e+02 -2.500000000000000000e+00 -1.333179156706276069e+00
3.180000000000000000e+02 -2.500000000000000000e+00 -1.221154916038005300e+00
3.190000000000000000e+02 2.500000000000000000e+00 -9.956654566110367810e-01
3.200000000000000000e+02 2.500000000000000000e+00 1.055070599456615188e+00
3.210000000000000000e+02 2.500000000000000000e+00 1.831230220256539143e+00
3.220000000000000000e+02 2.500000000000000000e+00 1.357413320591394967e+00
3.230000000000000000e+02 2.500000000000000000e+00 3.080239593757323036e+00
3.240000000000000000e+02 2.500000000000000000e+00 7.142937753649708510e-01
3.250000000000000000e+02 2.500000000000000000e+00 1.734027056882629036e+00
3.260000000000000000e+02 -2.500000000000000000e+00 1.467734600116651800e+00
3.270000000000000000e+02 -2.500000000000000000e+00 -7.113668216589036364e-01
3.280000000000000000e+02 -2.500000000000000000e+00 -1.658391596795784961e+00
3.290000000000000000e+02 -2.500000000000000000e+00 -1.276235527750538168e+00
3.300000000000000000e+02 -2.500000000000000000e+00 -1.003652326980959186e+00
3.310000000000000000e+02 -2.500000000000000000e+00 -1.873632893357925600e+00
3.320000000000000000e+02 -2.500000000000000000e+00 -1.609582466006790114e+00
3.330000000000000000e+02 2.500000000000000000e+00 -1.214888786008951671e+00
3.340000000000000000e+02 2.500000000000000000e+00 1.151369636034089705e+00
3.350000000000000000e+02 2.500000000000000000e+00 9.624818226719112912e-01
3.360000000000000000e+02 2.500000000000000000e+00 9.811614963867034689e-01
3.370000000000000000e+02 2.500000000000000000e+00 2.104719797671825710e+00
3.380000000000000000e+02 2.500000000000000000e+00 1.686110585299857245e+00
3.390000000000000000e+02 2.500000000000000000e+00 2.111976596250146887e+00
3.400000000000000000e+02 2.500000000000000000e+00 2.530033454305306684e+00
3.410000000000000000e+02 2.500000000000000000e+00 9.857986528430986439e-01
3.420000000000000000e+02 -2.500000000000000000e+00 1.368548270036103576e+00
3.430000000000000000e+02 -2.500000000000000000e+00 -1.436358074039960631e+00
3.440000000000000000e+02 -2.500000000000000000e+00 -1.380571790954719047e+00
3.450000000000000000e+02 -2.500000000000000000e+00 -1.974365480450505306e+00
3.460000000000000000e+02 -2.500000000000000000e+00 -9.347689046292468884e-01
3.470000000000000000e+02 2.500000000000000000e+00 -1.885930563002631732e+00
3.480000000000000000e+02 2.500000000000000000e+00 1.924584469933642072e+00
3.490000000000000000e+02 2.500000000000000000e+00 1.831032739015403088e+00
3.500000000000000000e+02 2.500000000000000000e+00 9.400373582915536597e-01
3.510000000000000000e+02 2.500000000000000000e+00 2.751859241849923698e+00
3.520000000000000000e+02 2.500000000000000000e+00 1.098162381104699437e+00
3.530000000000000000e+02 -2.500000000000000000e+00 8.414702681164101250e-01
3.540000000000000000e+02 -2.500000000000000000e+00 -1.880204391749783932e+00
3.550000000000000000e+02 2.500000000000000000e+00 -1.540313803991983477e+00
3.560000000000000000e+02 2.500000000000000000e+00 1.899411511056320112e+00
3.570000000000000000e+02 2.500000000000000000e+00 1.552354167678059671e+00
3.580000000000000000e+02 2.500000000000000000e+00 1.687870400871673837e+00
3.590000000000000000e+02 2.500000000000000000e+00 8.746257591610657744e-01
3.600000000000000000e+02 2.500000000000000000e+00 1.305538421396481352e+00
3.610000000000000000e+02 2.500000000000000000e+00 1.743392891093961117e+00
3.620000000000000000e+02 2.500000000000000000e+00 1.680083050856812754e+00
3.630000000000000000e+02 2.500000000000000000e+00 1.327775937322049682e+00
3.640000000000000000e+02 -2.500000000000000000e+00 1.100942932813867348e+00
3.650000000000000000e+02 -2.500000000000000000e+00 -1.898868023006181849e+00
3.660000000000000000e+02 -2.500000000000000000e+00 -1.741345758364609253e+00
3.670000000000000000e+02 -2.500000000000000000e+00 -1.743491606997343624e+00
3.680000000000000000e+02 -2.500000000000000000e+00 -9.919418537915842826e-01
3.690000000000000000e+02 -2.500000000000000000e+00 -1.174594852352484509e+00
3.700000000000000000e+02 2.500000000000000000e+00 -1.276115421560124696e+00
3.710000000000000000e+02 2.500000000000000000e+00 1.646853554630580474e+00
3.720000000000000000e+02 2.500000000000000000e+00 2.246599867712527843e+00
3.730000000000000000e+02 2.500000000000000000e+00 1.470440296227008670e+00
3.740000000000000000e+02 2.500000000000000000e+00 2.312187349821911653e+00
3.750000000000000000e+02 2.500000000000000000e+00 2.989565544310410772e+00
3.760000000000000000e+02 2.500000000000000000e+00 9.707548171963180650e-01
3.770000000000000000e+02 2.500000000000000000e+00 2.122889903543855539e+00
3.780000000000000000e+02 -2.500000000000000000e+00 1.339828761853095740e+00
3.790000000000000000e+02 -2.500000000000000000e+00 -9.700591705652951147e-01
3.800000000000000000e+02 -2.500000000000000000e+00 -1.642492204953093449e+00
3.810000000000000000e+02 -2.500000000000000000e+00 -1.146825295672511791e+00
3.820000000000000000e+02 -2.500000000000000000e+00 -1.641232474761971094e+00
3.830000000000000000e+02 -2.500000000000000000e+00 -1.929675665962166109e+00
3.840000000000000000e+02 -2.500000000000000000e+00 -1.307825558166704205e+00
3.850000000000000000e+02 -2.500000000000000000e+00 -1.388539401963755582e+00
3.860000000000000000e+02 -2.500000000000000000e+00 -2.195312082639473417e+00
3.870000000000000000e+02 2.500000000000000000e+00 -2.100002994190203864e+00
3.880000000000000000e+02 2.500000000000000000e+00 1.387844799999034873e+00
3.890000000000000000e+02 2.500000000000000000e+00 1.931352644718747236e+00
3.900000000000000000e+02 2.500000000000000000e+00 1.173782112469320849e+00
3.910000000000000000e+02 -2.500000000000000000e+00 2.047442717378808119e+00
3.920000000000000000e+02 -2.500000000000000000e+00 -1.171612844244956042e+00
3.930000000000000000e+02 -2.500000000000000000e+00 -1.913526964153669629e+00
3.940000000000000000e+02 2.500000000000000000e+00 -2.388478602994546840e+00
3.950000000000000000e+02 2.500000000000000000e+00 1.200511564818540489e+00
3.960000000000000000e+02 2.500000000000000000e+00 1.565364149875809074e+00
3.970000000000000000e+02 -2.500000000000000000e+00 5.819806513923909685e-01
3.980000000000000000e+02 -2.500000000000000000e+00 -2.125085522579209574e+00
3.990000000000000000e+02 -2.500000000000000000e+00 -6.327599535396374320e-01
4.000000000000000000e+02 -2.500000000000000000e+00 -1.586721705452476039e+00
4.010000000000000000e+02 -2.500000000000000000e+00 -2.425105500611581810e+00
4.020000000000000000e+02 -2.500000000000000000e+00 -1.183765208618808629e+00
4.030000000000000000e+02 -2.500000000000000000e+00 -1.749446595463646670e+00
4.040000000000000000e+02 -2.500000000000000000e+00 -1.302760740209583767e+00
4.050000000000000000e+02 -2.500000000000000000e+00 -1.790510972969560521e+00
4.060000000000000000e+02 -2.500000000000000000e+00 -2.023790762864385862e+00
4.070000000000000000e+02 2.500000000000000000e+00 -1.984733185948983625e+00
4.080000000000000000e+02 2.500000000000000000e+00 1.460700775905631188e+00
4.090000000000000000e+02 2.500000000000000000e+00 1.564601261317362546e+00
4.100000000000000000e+02 2.500000000000000000e+00 1.071349860502906814e+00
4.110000000000000000e+02 2.500000000000000000e+00 1.442739398670018103e+00
4.120000000000000000e+02 2.500000000000000000e+00 1.461739726873434453e+00
4.130000000000000000e+02 2.500000000000000000e+00 2.608727954941383764e+00
4.140000000000000000e+02 2.500000000000000000e+00 2.316227879591903349e+00
4.150000000000000000e+02 -2.500000000000000000e+00 2.352528963021125463e+00
4.160000000000000000e+02 -2.500000000000000000e+00 -2.059802919670297605e+00
4.170000000000000000e+02 -2.500000000000000000e+00 -1.581320124844468822e+00
4.180000000000000000e+02 -2.500000000000000000e+00 -1.347017405470073426e+00
4.190000000000000000e+02 -2.500000000000000000e+00 -1.492507042173235376e+00
4.200000000000000000e+02 -2.500000000000000000e+00 -1.315165749725165201e+00
4.210000000000000000e+02 -2.500000000000000000e+00 -5.677200839108631492e-01
4.220000000000000000e+02 -2.500000000000000000e+00 -9.109873543654333217e-01
4.230000000000000000e+02 2.500000000000000000e+00 -1.384011338362656440e+00
4.240000000000000000e+02 2.500000000000000000e+00 1.009611551875946311e+00
4.250000000000000000e+02 -2.500000000000000000e+00 1.241140600203872513e+00
4.260000000000000000e+02 -2.500000000000000000e+00 -1.021037169557006852e+00
4.270000000000000000e+02 -2.500000000000000000e+00 -1.267489982451655894e+00
4.280000000000000000e+02 -2.500000000000000000e+00 -2.371192478591036767e+00
4.290000000000000000e+02 -2.500000000000000000e+00 -1.475480645540478752e+00
4.300000000000000000e+02 2.500000000000000000e+00 -7.574701713616068810e-01
4.310000000000000000e+02 2.500000000000000000e+00 1.494679194541685741e+00
4.320000000000000000e+02 2.500000000000000000e+00 1.798094700645220589e+00
4.330000000000000000e+02 -2.500000000000000000e+00 1.069670519266347819e+00
4.340000000000000000e+02 -2.500000000000000000e+00 -1.680237235168534404e+00
4.350000000000000000e+02 -2.500000000000000000e+00 -1.819391696738387409e+00
4.360000000000000000e+02 -2.500000000000000000e+00 -1.213400246082187772e+00
4.370000000000000000e+02 -2.500000000000000000e+00 -2.320703008979744020e+00
4.380000000000000000e+02 -2.500000000000000000e+00 -9.939504967920897993e-01
4.390000000000000000e+02 -2.500000000000000000e+00 -1.848995852388711780e+00
4.400000000000000000e+02 -2.500000000000000000e+00 -9.845237674854238064e-01
4.410000000000000000e+02 -2.500000000000000000e+00 -1.126908784794029339e+00
4.420000000000000000e+02 2.500000000000000000e+00 -6.480082748936296655e-01
4.430000000000000000e+02 2.500000000000000000e+00 1.995974865832559120e+00
4.440000000000000000e+02 2.500000000000000000e+00 1.388071156961096175e+00
4.450000000000000000e+02 2.500000000000000000e+00 2.934855620299308576e+00
4.460000000000000000e+02 -2.500000000000000000e+00 2.012010682960526431e+00
4.470000000000000000e+02 -2.500000000000000000e+00 -1.073430645035696074e+00
4.480000000000000000e+02 -2.500000000000000000e+00 -1.702902338087019407e+00
4.490000000000000000e+02 2.500000000000000000e+00 -1.228034099855618511e+00
4.500000000000000000e+02 2.500000000000000000e+00 1.213998779645693249e+00
4.510000000000000000e+02 2.500000000000000000e+00 6.672777549482650228e-01
4.520000000000000000e+02 2.500000000000000000e+00 1.726263675671600328e+00
4.530000000000000000e+02 2.500000000000000000e+00 1.237883848287763211e+00
4.540000000000000000e+02 2.500000000000000000e+00 2.307079959031194782e+00
4.550000000000000000e+02 2.500000000000000000e+00 1.406663869983689308e+00
4.560000000000000000e+02 -2.500000000000000000e+00 1.224396156083648934e+00
4.570000000000000000e+02 -2.500000000000000000e+00 -1.845400891985169656e+00
4.580000000000000000e+02 -2.500000000000000000e+00 -1.196339554691691065e+00
4.590000000000000000e+02 -2.500000000000000000e+00 -1.564363741919775341e+00
4.600000000000000000e+02 2.500000000000000000e+00 -1.258607369820111899e+00
4.610000000000000000e+02 2.500000000000000000e+00 2.259189186392835502e+00
4.620000000000000000e+02 2.500000000000000000e+00 1.069937617752306336e+00
4.630000000000000000e+02 2.500000000000000000e+00 1.363624751682701364e+00
4.640000000000000000e+02 2.500000000000000000e+00 8.189936467180034541e-01
4.650000000000000000e+02 2.500000000000000000e+00 2.033422443311003747e+00
4.660000000000000000e+02 2.500000000000000000e+00 1.234433633305627165e+00
4.670000000000000000e+02 -2.500000000000000000e+00 9.076939235235826908e-01
4.680000000000000000e+02 -2.500000000000000000e+00 -1.679997249125631198e+00
4.690000000000000000e+02 -2.500000000000000000e+00 -1.810546485966643138e+00
4.700000000000000000e+02 2.500000000000000000e+00 -1.792203506145027658e+00
4.710000000000000000e+02 2.500000000000000000e+00 7.788805873665346491e-01
4.720000000000000000e+02 2.500000000000000000e+00 2.136468904218638443e+00
4.730000000000000000e+02 2.500000000000000000e+00 1.821208086569308104e+00
4.740000000000000000e+02 2.500000000000000000e+00 1.411670585615450779e+00
4.750000000000000000e+02 -2.500000000000000000e+00 2.989448746739763685e+00
4.760000000000000000e+02 -2.500000000000000000e+00 -5.711095483761043923e-01
4.770000000000000000e+02 -2.500000000000000000e+00 -2.384285864255589082e+00
4.780000000000000000e+02 -2.500000000000000000e+00 -2.179611527961439421e+00
4.790000000000000000e+02 -2.500000000000000000e+00 -1.861339128892079753e+00
4.800000000000000000e+02 -2.500000000000000000e+00 -7.574713801036340177e-01
4.810000000000000000e+02 2.500000000000000000e+00 -8.282519376649450926e-01
4.820000000000000000e+02 2.500000000000000000e+00 1.388319767219284628e+00
4.830000000000000000e+02 2.500000000000000000e+00 2.110719096504925840e+00
4.840000000000000000e+02 2.500000000000000000e+00 1.173432561757015602e+00
4.850000000000000000e+02 2.500000000000000000e+00 1.490631502328569225e+00
4.860000000000000000e+02 -2.500000000000000000e+00 1.827135323626043473e+00
4.870000000000000000e+02 -2.500000000000000000e+00 -1.398550207652670574e+00
4.880000000000000000e+02 -2.500000000000000000e+00 -8.983726281143497028e-01
4.890000000000000000e+02 -2.500000000000000000e+00 -1.780576549336591041e+00
4.900000000000000000e+02 -2.500000000000000000e+00 -1.336926798286363294e+00
4.910000000000000000e+02 -2.500000000000000000e+00 -2.413054898806952231e+00
4.920000000000000000e+02 -2.500000000000000000e+00 -1.742350974799452112e+00
4.930000000000000000e+02 -2.500000000000000000e+00 -1.453127104124836366e+00
4.940000000000000000e+02 -2.500000000000000000e+00 -1.685282414802062201e+00
4.950000000000000000e+02 2.500000000000000000e+00 -1.756025767468825549e+00
4.960000000000000000e+02 2.500000000000000000e+00 7.544538242150002905e-01
4.970000000000000000e+02 -2.500000000000000000e+00 2.050965438434453780e+00
4.980000000000000000e+02 -2.500000000000000000e+00 -1.782370413481839222e+00
4.990000000000000000e+02 -2.500000000000000000e+00 -1.745942125156349833e+00
